234423324242423244444233233232
213122131414121414233241421312
421334411332331133323213322313
124241423123441333331244134421
231213334144421442421242421321
223342411333244123121214142141
242114144231333344221312333421
212412313244423123242114444121
212134241412334121424114442231
424413214223441231321412332241
144221311242123212334142212421
232344111232131424421412414242
213413411214231122321332131232
421442132313441332133313413323
124124414244232333444141234121
231333341413424214424212213121
213332131323323441221213421121
442213314124144232341412331142
132444112331312313133223241233
123133313423134424441342414421
234214424121313232333333123331
441421321231441323422423134421
123341231244132334124124442331
142423421412232411342141233141
134142231332214444134212341412
412332442313213312313424421123
142213223421242133133322331131
132241242141414424223132442441
212213232144442341242424122132
413441314133333233314141334413
