16 0
15 0
15 1
16 1
17 1
18 1
19 1
19 2
19 3
18 3
17 3
17 2
16 2
15 2
14 2
14 3
15 3
15 4
16 4
17 4
17 5
16 5
15 5
14 5
14 4
13 4
12 4
11 4
11 3
10 3
10 4
10 5
10 6
11 6
12 6
13 6
14 6
14 7
14 8
14 9
13 9
12 9
12 10
13 10
13 11
13 12
13 13
12 13
11 13
10 13
10 12
9 12
9 13
9 14
10 14
11 14
12 14
12 15
11 15
11 16
12 16
13 16
13 17
14 17
14 16
14 15
13 15
13 14
14 14
14 13
15 13
15 14
15 15
15 16
16 16
16 15
17 15
18 15
18 14
18 13
17 13
16 13
16 12
17 12
17 11
16 11
15 11
15 10
15 9
16 9
16 8
15 8
15 7
15 6
16 6
17 6
17 7
18 7
18 6
19 6
19 7
19 8
18 8
17 8
17 9
17 10
18 10
19 10
19 11
19 12
19 13
19 14
19 15
19 16
18 16
17 16
17 17
17 18
16 18
16 19
15 19
14 19
14 18
13 18
13 19
12 19
12 18
11 18
10 18
9 18
9 19
