597113913595951913533331394395913
1269141213681261061012124107131112510696101212
496310431061115310126331059126391251168
14125951071111251073033331012127321043912
510141263385106339145395912125959691212
125385951063391363105101412121212610691468
124914126105311162339639126812533105912
12121251051169125331111259126912126333101212
1214126969510610531051012126941012733951012
4963291212595105310586111214510539121278
14639136812121269125912145310510581312126914
59510431012124912610124963912710124104969
126872115101412126111121412591263912691441112
49145396951061163231012623968723858
14125101363104953111531107331051059781212
58632397862116969145395912131269121212
1263391369695394116310131212124106912121214
4391362912710125104319586106105310121469
411124331012531069145106106391351013510538
1451061311610519696397332106941072912
5105914539510124116951053333310125331012
431069411121251014532105105913511161073912
125311610510121253211538510126812533111012
12695111691261013591271069691441053814510
696106951063912121263132969145107851013
51053912631116812639145961169639121258
127813681351059121259631063391253101461012
69121251012691261061063959511610125395310
1312121269491212733311161012495941013126913
621063210146233331053310146106231063210
